15 15

9 4 3 7 8 11 12 6 12 7 10 9 3 9 3
4 3 9 6 3 9 9 11 11 5 5 12 4 10 9
8 10 4 8 5 4 9 9 9 9 4 6 3 8 12
6 4 9 4 6 5 4 10 9 4 9 10 11 6 11
5 11 6 12 12 5 12 10 7 9 9 5 11 10 5
11 7 3 11 4 7 5 9 10 8 5 6 4 8 7
11 10 12 6 8 10 3 9 7 9 5 3 3 7 3
10 5 4 6 8 7 5 9 9 8 10 11 5 6 7
8 7 7 9 5 12 10 11 12 8 6 11 3 4 9
11 9 4 5 10 10 11 8 4 11 3 6 8 3 6
12 3 10 6 3 5 6 9 8 3 9 6 7 4 10
10 7 4 10 4 6 11 3 9 3 7 3 9 3 3
8 11 4 3 4 8 9 11 9 7 6 8 8 3 5
8 8 6 6 4 9 11 9 10 4 8 4 7 7 3
10 10 8 11 3 5 8 11 9 9 9 11 9 10 9

21 21 6 33 30 6 36 12 15 3 30 36 27 27 12
12 33 27 27 9 6 39 3 3 6 9 30 24 30 57

1080