22 21

15 11 12 4 6 6 7 2 11 2 4 6 14 7 10 8 5 7 7 15 14
5 10 8 5 12 14 12 8 3 9 10 6 9 7 5 6 5 2 13 9 11
12 3 12 9 11 3 14 13 3 12 15 8 7 15 8 6 5 4 14 13 13
7 13 9 13 2 5 12 14 11 4 10 12 4 14 3 15 9 3 9 4 12
7 9 15 9 13 2 12 2 13 4 10 12 3 10 14 5 4 8 14 12 7
15 5 15 12 14 13 13 7 11 3 14 9 5 12 3 2 12 6 13 13 6
13 13 4 15 7 9 3 15 8 8 7 13 10 11 13 7 3 11 15 7 8
14 7 6 8 6 14 11 3 15 3 15 9 6 5 2 3 4 3 9 15 3
12 6 14 13 5 5 6 6 12 10 15 3 5 12 9 11 15 8 3 4 12
12 15 7 2 12 14 3 3 9 5 6 13 3 5 4 15 14 5 13 8 5
14 5 13 11 15 13 9 11 4 6 12 4 3 9 14 10 8 3 15 6 15
14 5 2 6 13 5 6 7 15 9 2 4 9 12 15 14 10 10 14 7 3
7 15 10 5 11 7 10 15 3 8 2 13 5 10 10 14 14 10 12 4 7
10 4 4 15 3 2 8 13 4 4 7 2 2 13 4 11 14 15 3 7 8
8 12 6 4 4 15 3 3 14 11 6 2 6 13 9 14 15 4 8 8 15
14 15 11 9 6 6 4 8 13 4 11 10 3 7 4 11 15 13 8 2 15
11 15 7 11 13 6 2 14 7 2 6 13 12 8 13 10 15 6 4 9 5
2 9 5 6 6 4 5 12 12 12 9 11 7 13 12 7 7 3 9 3 9
11 14 10 7 12 5 3 13 7 15 11 11 12 3 7 5 14 13 15 6 4
5 8 13 5 5 7 13 4 5 13 6 14 12 14 13 14 8 2 9 13 15
11 2 7 13 14 5 14 6 15 12 9 2 10 11 14 9 11 10 2 11 10
5 5 2 3 3 13 7 12 11 11 5 14 11 11 8 12 14 3 13 5 15

13 21 44 39 15 41 26 42 14 15 13 48 10 33 36 32 44 49 32 17 45 11
34 15 28 23 40 41 38 14 48 40 39 35 20 23 21 12 39 27 14 40 49

1586