30 32

10 19 7 20 36 44 18 45 44 34 36 26 18 47 26 43 40 9 23 32 35 9 5 30 18 46 46 44 8 46 41 45
28 31 13 39 10 23 21 28 46 48 44 19 19 14 41 8 35 49 17 26 7 41 29 50 13 32 46 28 45 20 16 45
29 37 28 21 46 14 30 15 24 34 36 16 11 40 24 27 44 43 8 8 26 24 39 44 30 26 36 7 33 36 23 13
22 45 47 24 22 29 17 30 25 9 31 12 34 37 17 42 31 22 19 9 13 34 29 12 25 45 31 21 19 37 18 36
27 18 31 39 48 38 17 26 29 47 44 27 10 20 24 50 31 43 23 50 16 44 23 39 15 31 36 8 31 36 33 49
7 11 27 37 24 16 45 28 44 36 44 18 37 21 38 23 18 31 26 10 28 14 29 7 13 45 6 33 36 5 16 10
47 15 5 6 32 7 15 34 42 15 46 25 31 18 44 36 12 14 44 24 34 30 10 13 28 8 50 33 15 5 8 5
9 30 42 11 24 7 43 9 36 42 50 16 18 11 12 11 44 7 37 45 12 24 36 9 26 45 47 14 27 37 35 33
14 39 9 9 20 25 15 6 30 41 17 38 36 29 50 29 23 26 13 27 37 16 48 39 5 6 24 15 38 25 47 7
46 26 26 26 34 31 17 44 29 45 31 13 29 38 27 29 9 10 31 26 11 22 20 29 19 28 21 15 28 30 33 5
22 11 45 13 39 23 42 18 11 47 10 41 25 46 23 14 25 24 35 39 27 40 37 48 5 40 8 50 39 18 8 44
30 17 37 34 14 25 9 6 15 12 14 12 13 16 24 48 30 20 46 48 34 28 50 48 7 12 14 26 20 6 34 30
38 30 5 44 35 23 12 20 45 45 49 32 39 39 44 8 25 23 42 9 47 37 29 38 17 38 40 16 29 35 22 5
18 15 28 35 5 26 18 16 50 36 33 48 25 29 25 49 40 10 23 14 34 8 6 31 32 45 45 31 45 9 28 49
8 48 28 34 48 44 20 34 28 48 12 26 43 19 14 32 13 16 34 24 5 19 20 36 7 32 33 47 33 16 9 47
10 13 20 39 43 11 22 28 32 48 35 41 22 8 7 33 20 6 38 10 37 9 30 10 15 35 34 36 19 26 19 28
15 36 48 50 28 10 41 27 13 43 49 26 43 42 23 15 25 10 17 30 36 30 11 37 14 17 40 19 31 35 7 38
28 10 25 44 37 7 5 17 35 24 45 13 7 18 7 7 11 42 33 34 6 8 9 38 24 24 23 16 7 40 9 28
11 10 44 13 11 41 31 25 14 34 26 9 28 41 49 37 14 38 48 21 23 36 50 19 22 35 50 25 25 28 13 24
22 18 50 24 12 26 24 38 45 49 44 24 30 32 26 9 11 24 34 12 27 39 30 26 19 32 42 9 21 45 35 48
24 15 27 12 14 18 25 30 43 48 25 8 45 49 13 27 23 18 6 27 48 25 40 12 6 17 28 5 9 28 7 35
24 22 17 30 32 19 12 42 41 29 30 45 37 14 21 22 16 25 24 24 24 46 17 20 20 23 43 39 16 9 26 7
15 10 40 19 21 39 24 27 20 34 7 26 31 8 49 10 45 48 17 48 23 38 24 17 34 41 21 14 46 32 14 33
14 13 32 10 28 34 10 37 41 45 35 7 13 9 18 28 40 26 31 50 11 25 44 29 22 40 47 26 25 15 23 5
50 20 12 48 10 21 24 49 35 32 35 38 6 31 23 30 40 40 34 33 25 30 19 17 39 28 17 38 17 14 20 44
24 49 13 26 10 50 21 24 42 45 5 19 26 32 35 37 17 43 10 16 38 20 22 27 27 21 33 43 44 48 36 47
30 12 40 16 27 7 18 37 31 15 19 22 20 32 13 16 7 18 9 45 22 45 24 47 32 47 30 29 32 8 14 38
41 11 40 35 17 25 25 15 45 14 43 18 33 43 26 25 48 18 15 46 44 38 28 43 5 42 30 12 6 50 20 8
30 41 19 18 38 23 27 39 21 8 33 38 28 49 18 24 16 16 22 30 24 40 28 45 6 34 33 42 23 41 7 48
40 27 10 5 18 12 11 33 25 6 26 5 25 15 16 20 13 46 34 48 37 26 24 12 14 14 12 32 18 19 24 31

21 21 12 23 20 22 18 27 26 23 13 15 15 19 30 25 22 15 29 16 30 15 21 18 18 18 23 18 19 57
30 30 29 14 22 14 30 16 19 12 18 28 27 22 17 24 27 18 19 15 16 16 12 22 12 12 27 13 28 21 24 15

4702